((("getLine" .
	 [0 0 0 1 0 0 0])
	("subtract" .
	 [0 0 0 1 0 0 0 0])
	("counterDown" .
	 [0 0 0 0 0 0 0 0 0 1 0])
	("<$" .
	 [1 0])
	("union" .
	 [1 0 0 0 0])
	("eminus" .
	 [0 0 2 1 0 0])
	("counter" .
	 [2 0 0 0 0 0 1])
	("int" .
	 [1 0 0])
	("let" .
	 [7 0 0])
	("bNote" .
	 [0 0 0 1 0])
	("foo" .
	 [3 0 0])
	("Note" .
	 [1 0 0 0])
	("map" .
	 [1 0 0])
	("fmap" .
	 [4 0 0 0])
	("Show" .
	 [3 0 0 0])
	("deriving" .
	 [0 0 0 2 0 0 0 0])
	("Reactive.Banana.Prim.IO" .
	 [0 0 0 0 0 0 0 0 0 0 0 0 0 0 0 0 0 1 0 0 0 0 0])
	("menu" .
	 [0 0 0 1])
	("begin" .
	 [1 0 0 0 0])
	("set" .
	 [0 0 1])
	("putStrLn" .
	 [0 0 1 2 0 0 0 0])
	("import" .
	 [0 0 1 0 1 0])
	("Foreign.C" .
	 [0 0 0 0 1 0 0 0 0])
	("CDouble" .
	 [1 0 0 0 0 0 0])
	("number" .
	 [1 0 0 0 0 0])
	("module" .
	 [0 0 0 0 0 1])
	("Main" .
	 [0 0 0 1])
	("where" .
	 [0 0 0 1 0])
	("main" .
	 [2 0 0 0])
	("do" .
	 [1 0])
	("getChar" .
	 [0 0 0 1 1 0 0])
	("++" .
	 [1 0])))
